Summary for fmnist with Balanced regime:
N: [8, 16, 32, 64, 128, 256, 512, 1024, 2048]
AUCs: 56.1000, 57.4400, 55.3100, 66.8500, 69.9300, 72.0800, 71.9500, 68.4000, 61.1300
TPR95: 9.4500, 7.8000, 6.6000, 10.4000, 20.7500, 16.5000, 18.9500, 17.0000, 17.6000
TPR99: 5.3500, 0.2500, 1.1500, 3.0500, 9.4000, 6.9000, 7.7500, 5.5500, 7.0000


Summary for fmnist-R2 with Imbalanced regime:
N: [8, 16, 32, 64, 128, 256, 512, 1024, 2048]
AUCs: 59.7200, 69.5600, 81.4300, 67.3200, 73.4900, 74.3700, 77.1500, 73.8300, 74.9400
TPR95: 4.5500, 7.8000, 43.1500, 7.1500, 13.8000, 11.5500, 13.0000, 6.5500, 8.4000
TPR99: 0.1000, 1.3500, 23.2000, 2.9000, 3.8500, 3.9500, 3.9000, 2.1000, 3.3000


Summary for svhn with Balanced regime:
N: [8, 16, 32, 64, 128, 256, 512, 1024, 2048]
AUCs: 51.0300, 52.5200, 51.8900, 50.2500, 51.9000, 50.4100, 53.1400, 51.0600, 51.3500
TPR95: 6.3600, 5.6800, 5.1300, 5.5000, 5.1000, 6.1800, 5.6200, 5.1600, 5.5600
TPR99: 1.1100, 1.0400, 1.0800, 1.1700, 0.8900, 1.3200, 1.2600, 1.1700, 1.1100


Summary for svhn-R2 with Imbalanced regime:
N: [8, 16, 32, 64, 128, 256, 512, 1024, 2048]
AUCs: 52.0100, 50.6700, 52.1300, 51.5700, 51.0100, 51.7300, 51.0900, 50.2000, 52.0200
TPR95: 5.5600, 6.1400, 5.6500, 6.0200, 5.3500, 4.5800, 6.4200, 5.9000, 6.3300
TPR99: 1.2900, 1.0100, 1.0800, 1.2600, 1.2000, 0.9800, 1.2000, 1.3800, 1.2300


Summary for cifar10-svhn with Balanced regime:
N: [8, 16, 32, 64, 128, 256, 512, 1024, 2048]
AUCs: 46.3300, 49.0000, 45.8700, 33.6600, 60.5200, 20.9700, 31.3500, 25.8700, 27.7100
TPR95: 0.9200, 0.9900, 0.6900, 0.5500, 3.0200, 0.3300, 0.2800, 0.2000, 0.5400
TPR99: 0.0700, 0.1100, 0.0400, 0.0300, 0.2600, 0.0000, 0.0300, 0.0100, 0.0100


Summary for mnist with Balanced regime:
N: [8, 16, 32, 64, 128, 256, 512, 1024, 2048]
AUCs: 50.7900, 46.9800, 49.9600, 53.2600, 52.9400, 47.1600, 45.2200, 43.5900, 66.4000
TPR95: 1.5600, 0.8600, 1.1600, 1.7100, 5.0400, 3.2800, 3.4800, 2.1700, 6.9100
TPR99: 0.1500, 0.1000, 0.2000, 0.4000, 1.4600, 0.9100, 0.8100, 0.3000, 0.6600


